scaleX:
[6.1565366 6.0780745 6.1311264 6.0788336 6.151539 ]

cam:
[[ 1.66478000e+03  1.00000000e+00  1.33500000e+02  1.00000000e+02
  -3.15285511e-01 -1.05222699e-02  9.48937663e-01  2.58264577e-01
   9.61244926e-01  9.64674090e-02 -9.13177318e-01  2.75491986e-01
  -3.00349314e-01  7.96171000e-01  3.01264000e+00  4.87689000e-02]
 [ 2.06933000e+03  1.00000000e+00  1.32000000e+02  1.00000000e+02
  -3.40463572e-01  2.29900242e-02  9.39976736e-01  2.12849502e-01
   9.75633948e-01  5.32328642e-02 -9.15849275e-01  2.18197404e-01
  -3.37061193e-01  6.04560000e-01  3.01262000e+00 -1.04318000e-01]
 [ 1.60290000e+03  1.00000000e+00  1.30000000e+02  1.00000000e+02
  -2.13825340e-01 -3.45143681e-03  9.76865721e-01  1.96797855e-01
   9.79338924e-01  4.65370968e-02 -9.56843328e-01  2.02195906e-01
  -2.08728262e-01  1.22769000e+00  3.01620000e+00 -9.04020000e-02]
 [ 1.67653000e+03  1.00000000e+00  1.32500000e+02  1.00000000e+02
  -2.21039434e-01  2.52147331e-03  9.75260503e-01  1.94397445e-01
   9.80042392e-01  4.15256748e-02 -9.55692963e-01  1.98767177e-01
  -2.17118418e-01  1.23052000e+00  3.00356000e+00 -1.13563000e-01]
 [ 1.76463000e+03  1.00000000e+00  1.08500000e+02  1.00000000e+02
  -3.30028811e-01  1.24096919e-02  9.43890121e-01  2.23571553e-01
   9.72492712e-01  6.53854910e-02 -9.17114127e-01  2.32605893e-01
  -3.23724813e-01  5.77660000e-01  3.01581000e+00 -6.96568000e-02]]

scaleY:
[6.1332707 6.0608726 6.113889  6.0737715 6.1350636]

